	-0.120	-10.000
	-0.090	-9.000
	-0.042	-8.000
	-0.010	-7.000
	0.008	-6.000
	0.050	-5.000
	0.081	-4.000
	0.110	-3.000
	0.150	-2.000
	0.180	-1.000
	0.220	0.000
	0.250	1.000
	0.290	2.000
	0.320	3.000
	0.359	4.000
	0.390	5.000
	0.420	6.000
	0.450	7.000
	0.482	8.000
	0.518	9.000
	0.550	10.000
	0.570	11.000
	0.600	12.000
	0.620	13.000
	0.642	14.000
	0.670	15.000
	0.690	16.000
	0.720	17.000
	0.740	18.000
	0.760	19.000
	0.790	20.000
	0.813	21.000
	0.840	22.000
	0.861	23.000
	0.876	24.000
	0.881	25.000
	0.890	26.000
	0.900	27.000
	0.902	28.000
	0.905	29.000
	0.920	30.000
	0.930	31.000
	0.938	32.000
	0.941	33.000
	0.953	34.000
	0.961	35.000
	0.970	36.000
	0.978	37.000
	0.981	38.000
	0.992	39.000
	1.000	40.000