-0.11	-10.00
-0.09	-9.00
-0.05	-8.00
-0.01	-7.00
0.02	-6.00
0.06	-5.00
0.10	-4.00
0.13	-3.00
0.16	-2.00
0.20	-1.00
0.24	0.00
0.28	1.00
0.31	2.00
0.35	3.00
0.38	4.00
0.42	5.00
0.46	6.00
0.49	7.00
0.52	8.00
0.56	9.00
0.60	10.00
0.62	11.00
0.65	12.00
0.68	13.00
0.70	14.00
0.72	15.00
0.74	16.00
0.77	17.00
0.80	18.00
0.81	19.00
0.84	20.00
0.86	21.00
0.88	22.00
0.88	23.00
0.90	24.00
0.90	25.00
0.91	26.00
0.92	27.00
0.92	28.00
0.93	29.00
0.94	30.00
0.94	31.00
0.94	32.00
0.95	33.00
0.96	34.00
0.96	35.00
0.97	36.00
0.98	37.00
0.98	38.00
1.00	39.00
1.00	40.00
