0.6	40.7	40.9	39.8	39	38.7	37.7	2.04	2.04	1.88	1.78	1.76	1.5
0.62	41.9	42	40.7	40	39.8	38.45	2.04	2.04	1.88	1.78	1.76	1.5
0.64	42.9	43	41.8	41	40.7	39.7	2.04	2.04	1.88	1.78	1.76	1.5
0.66	43.9	44.05	42.5	42	41.8	40.45	2.04	2.04	1.88	1.78	1.76	1.5
0.68	44.7	44.85	43.5	43	42.7	41.55	2.04	2.04	1.88	1.78	1.76	1.5
0.7	45.6	45.59	44.5	43.5	43.5	42.3	2.04	2.04	1.88	1.78	1.76	1.5
0.72	46.2	46.35	45	44.5	44.2	43.4	2.04	2.04	1.88	1.78	1.76	1.5
0.74	47	47.06	46	45	45	44	2.04	2.04	1.88	1.78	1.76	1.5
0.76	47.9	47.85	46.8	46	45.8	44.6	2.04	2.04	1.88	1.78	1.76	1.5
0.78	48.4	48.45	47.5	46.5	46.5	45.55	2.04	2.04	1.88	1.78	1.76	1.5
0.8	49.1	49.2	47.9	47.5	47.1	46	2.04	2.04	1.88	1.78	1.76	1.5
0.82	49.7	49.8	48.5	48	47.8	46.45	2.04	2.04	1.88	1.78	1.76	1.5
0.84	50.1	50.25	49	48.5	48.25	47.4	2.04	2.04	1.88	1.78	1.76	1.5
0.86	50.3	50.6	49.7	49	48.65	47.85	2.04	2.04	1.88	1.78	1.76	1.5
0.88	50.7	51	50.1	49.5	49	48.15	2.04	2.04	1.88	1.78	1.76	1.5
0.9	51	51.2	50.2	49.8	49.2	48.3	2.04	2.04	1.88	1.78	1.76	1.5
0.92	51.1	51.25	50.3	49.8	49.3	48.3	2.04	2.04	1.88	1.78	1.76	1.5
0.94	50.9	51.03	50.2	49.667	49.2	48	2.04	2.04	1.88	1.78	1.76	1.5
0.96	50.7	50.5	49.9	49.15	48.8	47.25	2.04	2.04	1.88	1.78	1.76	1.5
0.98	50.3	50	49.45	48	48	46	2.04	2.04	1.88	1.78	1.76	1.5
1	50.1	49.6	48.6	47.3	47	44.3	2.04	2.04	1.88	1.78	1.76	1.5
1.02	50.2	49.6	48	46.8	46	43.67	2.04	2.04	1.88	1.78	1.76	1.5
1.04	50.5	49.8	47.8	46.75	46	43.502	2.04	2.04	1.88	1.78	1.76	1.5
1.06	51	50	47.9	46.83	46	43.34	2.04	2.04	1.88	1.78	1.76	1.5
1.08	51.1	50.09	48	46.95	46.05	43.2	2.04	2.04	1.88	1.78	1.76	1.5
1.1	51.2	50.18	48.2	47.03	46.1	43.17	2.04	2.04	1.88	1.78	1.76	1.5
1.12	51.3	50.32	48.4	47.04	46.15	43.17	2.04	2.04	1.88	1.78	1.76	1.5
1.14	51.5	50.5	48.5	47.05	46.18	43.05	2.04	2.04	1.88	1.78	1.76	1.5
1.16	51.7	50.6	48.7	47.055	46.2	43	2.04	2.04	1.88	1.78	1.76	1.5
1.18	51.8	50.7	48.9	47.07	46.2	42.85	2.04	2.04	1.88	1.78	1.76	1.5
1.2	51.9	50.8	48.95	47.055	46.2	42.8	2.04	2.04	1.88	1.78	1.76	1.5
1.22	51.95	50.9	48.97	47	46.18	42.66	2.04	2.04	1.88	1.78	1.76	1.5
1.24	52	51	48.99	46.98	46.15	42.5	2.04	2.04	1.88	1.78	1.76	1.5
1.26	52	51.1	48.99	46.96	46.1	42.33	2.04	2.04	1.88	1.78	1.76	1.5
1.28	52.05	51.2	49	46.94	46.05	42.166	2.04	2.04	1.88	1.78	1.76	1.5
1.3	52.1	51.3	48.9	46.92	46	42	2.04	2.04	1.88	1.78	1.76	1.5
1.32	52.05	51.4	48.85	46.9	45.9	41.83	2.04	2.04	1.88	1.78	1.76	1.5
1.34	52.05	51.5	48.8	46.8	45.8	41.33	2.04	2.04	1.88	1.78	1.76	1.5
1.36	52.05	51.6	48.7	46.65	45.65	41	2.04	2.04	1.88	1.78	1.76	1.5
1.38	52.05	51.7	48.6	46.5	45.5	40.5	2.04	2.04	1.88	1.78	1.76	1.5
1.4	52.1	51.8	48.5	46.32	45.35	40.15	2.04	2.04	1.88	1.78	1.76	1.5
1.42	52.1	51.82	48.4	46.1	45.2	39.67	2.04	2.04	1.88	1.78	1.76	1.5
1.44	52.1	51.87	48.3	45.9	45	39	2.04	2.04	1.88	1.78	1.76	1.5
1.46	52.1	51.89	48.15	45.72	44.9	38.3	2.04	2.04	1.88	1.78	1.76	1.5
1.48	52.1	51.88	48	45.5	44.6	37.33	2.04	2.04	1.88	1.78	1.76	1.5
1.5	52.1	51.9	47.9	45.2	44.35	36.5	2.04	2.04	1.88	1.78	1.76	1.5
1.52	52.05	51.88	47.7	44.8	44.1	0	2.04	2.04	1.88	1.78	1.76	1.5
1.54	52.05	51.86	47.5	44.5	43.8	0	2.04	2.04	1.88	1.78	1.76	1.5
1.56	52.05	51.84	47.3	44.2	43.5	0	2.04	2.04	1.88	1.78	1.76	1.5
1.58	52.05	51.82	47.05	43.8	43	0	2.04	2.04	1.88	1.78	1.76	1.5
1.6	52	51.8	46.8	43.2	42.5	0	2.04	2.04	1.88	1.78	1.76	1.5
1.62	52	51.7	46.5	42.8	42	0	2.04	2.04	1.88	1.78	1.76	1.5
1.64	51.95	51.52	46.25	42.4	41.6	0	2.04	2.04	1.88	1.78	1.76	1.5
1.66	51.9	51.35	45.9	41.9	41	0	2.04	2.04	1.88	1.78	1.76	1.5
1.68	51.85	51.13	45.5	41.5	40.5	0	2.04	2.04	1.88	1.78	1.76	1.5
1.7	51.8	50.93	45	40.9	39.8	0	2.04	2.04	1.88	1.78	1.76	1.5
1.72	51.7	50.67	44.45	39.99	38.9	0	2.04	2.04	1.88	1.78	1.76	1.5
1.74	51.5	50.5	44	39.1	37.9	0	2.04	2.04	1.88	1.78	1.76	1.5
1.76	51.2	50.27	43.7	37.8	36.1	0	2.04	2.04	1.88	1.78	1.76	1.5
1.78	50.9	50.03	42.85	36.2	0	0	2.04	2.04	1.88	1.78	1.76	1.5
1.8	50.6	49.8	42	0	0	0	2.04	2.04	1.88	1.78	1.76	1.5
1.82	50.3	49.4	41	0	0	0	2.04	2.04	1.88	1.78	1.76	1.5
1.84	50	49	39.7	0	0	0	2.04	2.04	1.88	1.78	1.76	1.5
1.86	49.6	48.5	38	0	0	0	2.04	2.04	1.88	1.78	1.76	1.5
1.88	49.05	48	36.5	0	0	0	2.04	2.04	1.88	1.78	1.76	1.5
1.9	48.4	47.5	0	0	0	0	2.04	2.04	1.88	1.78	1.76	1.5
1.92	47.8	46.75	0	0	0	0	2.04	2.04	1.88	1.78	1.76	1.5
1.94	47.1	45.9	0	0	0	0	2.04	2.04	1.88	1.78	1.76	1.5
1.96	45.9	44.9	0	0	0	0	2.04	2.04	1.88	1.78	1.76	1.5
1.98	44.6	43.7	0	0	0	0	2.04	2.04	1.88	1.78	1.76	1.5
2	43	41.7	0	0	0	0	2.04	2.04	1.88	1.78	1.76	1.5
2.02	40.6	39	0	0	0	0	2.04	2.04	1.88	1.78	1.76	1.5
2.04	37	36	0	0	0	0	2.04	2.04	1.88	1.78	1.76	1.5

