TIME (s)	ALTURA lanzamiento (m) 	Desplazamiento (m)	VELOCIDAD (m/s)	MACH	ALFA (deg) 	GAMMA (deg)	THETA (deg) 	fi (deg) 	psi (deg) 	R 	E_MECANICA (J) 	D	Time (s) 	Altura 	Desplazamiento (m)	Velocidad 	Mach 	Fi_l 	Psi_l 	R_l 	Emec Misil 
0.00000000	12000.00000000	0.00000000	401.51748611	1.36088100	70660.68323978	1.97546851	0.00000000	1.97546851	90.00000000	0.00000000
0.10000000	12000.00000000	40.15174861	401.59864974	1.36115609	104799.00957167	6.91186885	-4.58824035	2.32362849	94.58788034	0.00036001
0.20000000	11996.78768967	80.18293417	401.51495510	1.36087242	104804.00089092	6.91071922	-4.23900110	2.67171812	94.23828216	0.00071894
0.30000000	11993.82031202	120.22462821	401.42549595	1.36056921	104807.08487521	6.90999827	-3.89011762	3.01988065	93.88903965	0.00107797
0.40000000	11991.09766614	160.27474041	401.33025657	1.36024641	104808.25835441	6.90970633	-3.54158524	3.36812110	93.54014817	0.00143707
0.50000000	11988.61953468	200.33118325	401.22922139	1.35990397	104807.51945824	6.90984379	-3.19339931	3.71644448	93.19160308	0.00179623
0.60000000	11986.38568380	240.39187210	401.12237498	1.35954183	104804.86761851	6.91041112	-2.84555527	4.06485584	92.84339985	0.00215542
0.70000000	11984.39586325	280.45472536	401.00970202	1.35915994	104800.30357098	6.91140886	-2.49804860	4.41336026	92.49553396	0.00251464
0.80000000	11982.64980628	320.51766454	400.89118732	1.35875826	104793.82935703	6.91283764	-2.15087482	4.76196281	92.14800097	0.00287386
0.90000000	11981.14722970	360.57861441	400.76681579	1.35833672	104785.44832486	6.91469815	-1.80402954	5.11066861	91.80079648	0.00323305
1.00000000	11979.88783387	400.63550306	400.63657245	1.35789528	104775.16513058	6.91699117	-1.45750838	5.45948279	91.45391616	0.00359222
1.10000000	11978.87130267	440.68626206	400.50044245	1.35743389	104762.98573886	6.91971756	-1.11130706	5.80841050	91.10735573	0.00395132
1.20000000	11978.09730351	480.72882653	400.35841100	1.35695250	104748.91742342	6.92287824	-0.76542131	6.15745693	90.76111096	0.00431036
1.30000000	11977.56548736	520.76113529	400.21046340	1.35645105	104732.96876714	6.92647423	-0.41984697	6.50662726	90.41517767	0.00466930
1.40000000	11977.27548870	560.78113092	400.05658506	1.35592950	104715.14966199	6.93050663	-0.07457989	6.85592674	90.06955176	0.00502813
1.50000000	11977.22692556	600.78675995	399.89676143	1.35538781	104695.47130865	6.93497659	0.27038400	7.20536060	89.72422916	0.00538684
1.60000000	11977.41939949	640.77597290	399.73097804	1.35482591	104673.94621587	6.93988539	0.61504873	7.55493412	89.37920588	0.00574539
1.70000000	11977.85249559	680.74672440	399.55922051	1.35424376	104650.58819965	6.94523436	0.95941824	7.90465260	89.03447798	0.00610378
1.80000000	11978.52578247	720.69697336	399.38147447	1.35364132	104625.41238208	6.95102492	1.30349645	8.25452137	88.69004156	0.00646199
1.90000000	11979.43881229	760.62468301	399.19772564	1.35301853	104598.43519004	6.95725859	1.64728719	8.60454577	88.34589282	0.00681999
2.00000000	11980.59112074	800.52782107	399.00795976	1.35237535	104569.67435362	6.96393694	1.99079425	8.95473119	88.00202797	0.00717778
2.10000000	11981.98222701	840.40435982	398.81216262	1.35171173	104539.14890438	6.97106167	2.33402136	9.30508303	87.65844331	0.00753532
2.20000000	11983.61163387	880.25227625	398.61032004	1.35102761	104506.87917336	6.97863453	2.67697219	9.65560672	87.31513520	0.00789261
2.30000000	11985.47882758	920.06955215	398.40241786	1.35032296	104472.88678890	6.98665740	3.01965033	10.00630773	86.97210005	0.00824963
2.40000000	11987.58327795	959.85417423	398.18844194	1.34959772	104437.19467430	6.99513221	3.36205933	10.35719154	86.62933432	0.00860635
2.50000000	11989.92443830	999.60413425	397.96837818	1.34885185	104399.82704529	7.00406100	3.70420267	10.70826367	86.28683457	0.00896276
2.60000000	11992.50174550	1039.31742910	397.74221245	1.34808530	104360.80940732	7.01344590	4.04608378	11.05952968	85.94459738	0.00931884
2.70000000	11995.31461993	1078.99206095	397.50993065	1.34729801	104320.16855274	7.02328914	4.38770601	11.41099514	85.60261942	0.00967457
2.80000000	11998.36246553	1118.62603738	397.27151867	1.34648995	104277.93255774	7.03359302	4.72907265	11.76266567	85.26089741	0.01002994
2.90000000	12001.64466972	1158.21737142	397.02696239	1.34566107	104234.13077928	7.04435998	5.07018693	12.11454691	84.91942814	0.01038493
3.00000000	12005.16060350	1197.76408175	396.77624768	1.34481131	104188.79385178	7.05559252	5.41105202	12.46664454	84.57820846	0.01073952
3.10000000	12008.90962135	1237.26419279	396.51936039	1.34394063	104141.95368375	7.06729324	5.75167102	12.81896426	84.23723529	0.01109369
3.20000000	12012.89106132	1276.71573481	396.25628635	1.34304898	104093.64345434	7.07946486	6.09204696	13.17151182	83.89650562	0.01144742
3.30000000	12017.10424496	1316.11674404	395.98701135	1.34213632	104043.89760973	7.09211019	6.43218280	13.52429300	83.55601650	0.01180070
3.40000000	12021.54847736	1355.46526281	395.71152118	1.34120259	103992.75185950	7.10523215	6.77208145	13.87731360	83.21576504	0.01215351
3.50000000	12026.22304714	1394.75933969	395.42980154	1.34024774	103940.24317287	7.11883376	7.11174573	14.23057949	82.87574844	0.01250583
3.60000000	12031.12722644	1433.99702954	395.14183813	1.33927173	103886.40977497	7.13291814	7.45117840	14.58409653	82.53596396	0.01285764
3.70000000	12036.26027093	1473.17639371	394.84761658	1.33827452	103831.29114297	7.14748852	7.79038215	14.93787067	82.19640892	0.01320894
3.80000000	12041.62141981	1512.29550011	394.54712247	1.33725604	103774.92800223	7.16254825	8.12935959	15.29190785	81.85708072	0.01355969
3.90000000	12047.20989580	1551.35242337	394.24034134	1.33621625	103717.36232239	7.17810079	8.46811328	15.64621407	81.51797684	0.01390988
4.00000000	12053.02490517	1590.34524494	393.92725866	1.33515511	103658.63731351	7.19414970	8.80664568	16.00079538	81.17909482	0.01425950
4.10000000	12059.06563768	1629.27205320	393.60785981	1.33407255	103598.79742219	7.21069867	9.14495920	16.35565786	80.84043228	0.01460852
4.20000000	12065.33126665	1668.13094365	393.28213015	1.33296854	103537.88832762	7.22775149	9.48305614	16.71080763	80.50198692	0.01495694
4.30000000	12071.82094892	1706.92001895	392.95005491	1.33184303	103475.95693782	7.24531209	9.82093876	17.06625084	80.16375651	0.01530473
4.40000000	12078.53382484	1745.63738913	392.61161930	1.33069595	103413.05138577	7.26338450	10.15860921	17.42199371	79.82573891	0.01565188
4.50000000	12085.46901831	1784.28117165	392.26680841	1.32952727	103349.22102571	7.28197289	10.49606960	17.77804249	79.48793204	0.01599836
4.60000000	12092.62563674	1822.84949158	391.91560725	1.32833693	103284.51642943	7.30108155	10.83332192	18.13440347	79.15033391	0.01634417
4.70000000	12100.00277108	1861.34048171	391.55800076	1.32712488	103218.98938269	7.32071489	11.17036809	18.49108299	78.81294262	0.01668929
4.80000000	12107.59949581	1899.75228267	391.19397377	1.32589106	103152.69288171	7.34087747	11.50720997	18.84808743	78.47575634	0.01703370
4.90000000	12115.41486892	1938.08304309	390.82351103	1.32463544	103085.68112980	7.36157395	11.84384929	19.20542324	78.13877333	0.01737737
5.00000000	12123.44793194	1976.33091971	390.44659718	1.32335795	103018.00953411	7.38280916	12.18028774	19.56309690	77.80199195	0.01772031
5.10000000	12131.69770994	2014.49407754	390.06321678	1.32205854	102949.73470249	7.40458803	12.51652690	19.92111493	77.46541062	0.01806249
5.20000000	12140.16321148	2052.57068998	389.67335425	1.32073716	102880.91444052	7.42691567	12.85256825	20.27948392	77.12902787	0.01840388
5.30000000	12148.84342869	2090.55893894	389.27699394	1.31939376	102806.45288524	7.44979730	13.18841320	20.63821050	76.79284231	0.01874449
5.40000000	12157.73733721	2128.45701503	388.87415618	1.31802840	102725.17184294	7.47323714	13.52406422	20.99730136	76.45685149	0.01908429
5.50000000	12166.84389784	2166.26312098	388.46486992	1.31664119	102643.43081491	7.49723923	13.85952398	21.35676321	76.12105277	0.01942326
5.60000000	12176.16205697	2203.97547257	388.04911989	1.31523207	102561.29558307	7.52180919	14.19479356	21.71660276	75.78544505	0.01976139
5.70000000	12185.69074466	2241.59229467	387.62689071	1.31380099	102478.83312795	7.54695279	14.52987399	22.07682678	75.45002734	0.02009866
5.80000000	12195.42887467	2279.11182143	387.19816683	1.31234790	102396.11162535	7.57267594	14.86476617	22.43744211	75.11479876	0.02043506
5.90000000	12205.37534439	2316.53229636	386.76293257	1.31087274	102313.20044329	7.59898472	15.19947091	22.79845563	74.77975851	0.02077058
6.00000000	12215.52903490	2353.85197252	386.32117211	1.30937546	102230.17013924	7.62588539	15.53398890	23.15987428	74.44490592	0.02110518
6.10000000	12225.88881095	2391.06911266	385.87286947	1.30785601	102147.09245771	7.65338434	15.86832073	23.52170507	74.11024039	0.02143887
6.20000000	12236.45352097	2428.18198935	385.41800854	1.30631433	102064.04032809	7.68148815	16.20246690	23.88395505	73.77576147	0.02177163
6.30000000	12247.22199706	2465.18888514	384.95657305	1.30475036	101981.08786289	7.71020357	16.53642778	24.24663135	73.44146879	0.02210343
6.40000000	12258.19305500	2502.08809271	384.48854656	1.30316406	101898.31035632	7.73953754	16.87020362	24.60974116	73.10736211	0.02243426
6.50000000	12269.36549424	2538.87791502	384.01391249	1.30155536	101815.78428326	7.76949714	17.20379458	24.97329172	72.77344130	0.02276412
6.60000000	12280.73809793	2575.55666548	383.53265411	1.29992421	101733.58729866	7.80008968	17.53720067	25.33729035	72.43970635	0.02309298
6.70000000	12292.30963291	2612.12266807	383.04475451	1.29827055	101651.79823731	7.83132263	17.87042180	25.70174443	72.10615737	0.02342082
6.80000000	12304.07884967	2648.57425756	382.55019664	1.29659433	101570.49711413	7.86320366	18.20345775	26.06666141	71.77279460	0.02374764
6.90000000	12316.04448244	2684.90977960	382.04896327	1.29489547	101489.76512486	7.89574063	18.53630818	26.43204881	71.43961840	0.02407342
7.00000000	12328.20524911	2721.12759093	381.54103703	1.29317394	101409.68464732	7.92894162	18.86897259	26.79791420	71.10662927	0.02439815
7.10000000	12340.55985127	2757.22605952	381.02640035	1.29142966	101330.33924310	7.96281489	19.20145037	27.16426527	70.77382783	0.02472180
7.20000000	12353.10697423	2793.20356476	380.50503552	1.28966257	101251.81365983	7.99736894	19.53374079	27.53110973	70.44121485	0.02504437
7.30000000	12365.84528697	2829.05849760	379.97692465	1.28787262	101174.19383406	8.03261245	19.86584294	27.89845539	70.10879123	0.02536583
7.40000000	12378.77344221	2864.78926075	379.44204969	1.28605975	101097.56689463	8.06855436	20.19775578	28.26631014	69.77655803	0.02568619
7.50000000	12391.89007636	2900.39426881	378.90039240	1.28422388	101022.02116675	8.10520380	20.52947814	28.63468195	69.44451644	0.02600541
7.60000000	12405.19380956	2935.87194851	378.35193437	1.28236497	100947.64617665	8.14257016	20.86100868	29.00357884	69.11266782	0.02632350
7.70000000	12418.68324566	2971.22073881	377.79665703	1.28048294	100874.53265695	8.18066304	21.19234591	29.37300895	68.78101366	0.02664042
7.80000000	12432.35697222	3006.43909117	377.23454161	1.27857774	100802.77255269	8.21949230	21.52348817	29.74298048	68.44955564	0.02695618
7.90000000	12446.21356057	3041.52546962	376.66556920	1.27664930	100732.45902810	8.25906806	21.85443365	30.11350171	68.11829559	0.02727075
8.00000000	12460.25156573	3076.47835107	376.08972065	1.27469755	100663.68647416	8.29940066	22.18518037	30.48458103	67.78723550	0.02758413
8.10000000	12474.46952649	3111.29622538	375.50697669	1.27272243	100596.55051685	8.34050074	22.51572615	30.85622689	67.45637755	0.02789629
8.20000000	12488.86596538	3145.97759564	374.91731783	1.27072387	100531.14802636	8.38237917	22.84606867	31.22844785	67.12572409	0.02820723
8.30000000	12503.43938867	3180.52097830	374.32072439	1.26870181	100467.57712702	8.42504714	23.17620541	31.60125254	66.79527766	0.02851694
8.40000000	12518.18828641	3214.92490340	373.71717652	1.26665618	100405.93720820	8.46851607	23.50613364	31.97464971	66.46504097	0.02882539
8.50000000	12533.11113238	3249.18791477	373.10665419	1.26458691	100346.32893611	8.51279771	23.83585047	32.34864818	66.13501695	0.02913257
8.60000000	12548.20638418	3283.30857021	372.48913714	1.26249393	100288.85426655	8.55790409	24.16535280	32.72325689	65.80520872	0.02943848
8.70000000	12563.47248314	3317.28544168	371.86460495	1.26037718	100233.61645866	8.60384755	24.49463730	33.09848485	65.47561959	0.02974310
8.80000000	12578.90785443	3351.11711556	371.23303699	1.25823658	100180.72008973	8.65064074	24.82370046	33.47434120	65.14625311	0.03004642
8.90000000	12594.51090696	3384.80219281	370.59441242	1.25607206	100130.27107107	8.69829663	25.15253854	33.85083517	64.81711303	0.03034842
9.00000000	12610.28003348	3418.33928919	369.94871024	1.25388355	100082.37666499	8.74682851	25.48114757	34.22797608	64.48820333	0.03064910
9.10000000	12626.21361055	3451.72703551	369.29590918	1.25167098	100037.14550300	8.79625004	25.80952335	34.60577339	64.15952822	0.03094844
9.20000000	12642.30999853	3484.96407779	368.63598783	1.24943428	99994.68760513	8.84657520	26.13766143	34.98423663	63.83109215	0.03124642
9.30000000	12658.56754162	3518.04907753	367.96892452	1.24717337	99955.11440064	8.89781833	26.46555715	35.36337548	63.50289981	0.03154304
9.40000000	12674.98456787	3550.98071191	367.29469738	1.24488819	99918.53874991	8.94999415	26.79320556	35.74319971	63.17495616	0.03183828
9.50000000	12691.55938917	3583.75767404	366.61328434	1.24257864	99885.07496778	9.00311776	27.12060145	36.12371921	62.84726641	0.03213214
9.60000000	12708.29030126	3616.37867315	365.92466308	1.24024467	99854.83884828	9.05720464	27.44773936	36.50494400	62.51983604	0.03242460
9.70000000	12725.17558375	3648.84243488	365.22881108	1.23788619	99827.94769087	9.11227066	27.77461354	36.88688420	62.19267082	0.03271564
9.80000000	12742.21350014	3681.14770147	364.52570557	1.23550312	99804.52032811	9.16833212	28.10121794	37.26955007	61.86577679	0.03300527
9.90000000	12759.40229782	3713.29323203	363.81532356	1.23309539	99784.67715508	9.22540575	28.42754624	37.65295198	61.53916030	0.03329346
10.00000000	12776.74020805	3745.27780276	363.09764182	1.23066292	99768.54016033	9.28350869	28.75359177	38.03710046	61.21282802	0.03358021
10.10000000	12794.22544604	3777.10020725	362.37263685	1.22820563	99756.23295863	9.34265855	29.07934759	38.42200614	60.88678690	0.03386550
10.20000000	12811.85621088	3808.75925668	361.64028495	1.22572344	99747.88082551	9.40287339	29.40480641	38.80767980	60.56104426	0.03414933
10.30000000	12829.63068564	3840.25378008	360.90056211	1.22321626	99743.61073362	9.46417177	29.72996058	39.19413235	60.23560773	0.03443169
10.40000000	12847.54703728	3871.58262463	360.15344411	1.22068402	99743.55139111	9.52657270	30.05480214	39.58137483	59.91048531	0.03471255
10.50000000	12865.60341676	3902.74465591	359.39890641	1.21812663	99747.83328204	9.59009573	30.37932273	39.96941846	59.58568535	0.03499192
10.60000000	12883.79795897	3933.73875814	358.63692424	1.21554401	99756.58870878	9.65476093	30.70351363	40.35827456	59.26121658	0.03526979
10.70000000	12902.12878279	3964.56383449	357.86747252	1.21293608	99769.95183682	9.72058889	31.02736575	40.74795464	58.93708812	0.03554614
10.80000000	12920.59399108	3995.21880736	357.09052590	1.21030274	99788.05874166	9.78760076	31.35086956	41.13847032	58.61330948	0.03582096
10.90000000	12939.19167071	4025.70261862	356.30605871	1.20764391	99811.04745827	9.85581827	31.67401515	41.52983341	58.28989061	0.03609425
11.00000000	12957.91989255	4056.01422996	355.51404500	1.20495950	99839.05803290	9.92526373	31.99679215	41.92205588	57.96684186	0.03636599
11.10000000	12976.77671147	4086.15262312	354.71445849	1.20224943	99872.23257761	9.99596007	32.31918976	42.31514983	57.64417406	0.03663618
11.20000000	12995.76016639	4116.11680022	353.90727257	1.19951359	99870.01716595	10.06793084	32.64119672	42.70912756	57.32189848	0.03690480
11.30000000	13014.86828026	4145.90578410	353.09274545	1.19675288	99869.77175933	10.14118514	32.96281638	43.10400152	57.00001176	0.03717186
11.40000000	13034.09908339	4175.51863738	352.27087447	1.19396728	99875.40174855	10.21574603	33.28403799	43.49978402	56.67852467	0.03743733
11.50000000	13053.45059256	4204.95444522	351.44163032	1.19115668	99887.06378770	10.29163861	33.60484892	43.89648752	56.35744986	0.03770122
11.60000000	13072.92080882	4234.21231381	350.60498327	1.18832100	99904.91672353	10.36888868	33.92523598	44.29412466	56.03680051	0.03796351
11.70000000	13092.50771753	4263.29137070	349.76090315	1.18546012	99929.12166517	10.44752276	34.24518549	44.69270824	55.71659031	0.03822420
11.80000000	13112.20928835	4292.19076517	348.90935937	1.18257395	99959.84205740	10.52756811	34.56468317	45.09225129	55.39683355	0.03848327
11.90000000	13132.02347526	4320.90966849	348.05032091	1.17966237	99997.24375737	10.60905278	34.88371420	45.49276698	55.07754507	0.03874073
12.00000000	13151.94821652	4349.44727429	347.18375626	1.17672528	100041.49511529	10.69200560	35.20226312	45.89426871	54.75874032	0.03899656
12.10000000	13171.98143469	4377.80279889	346.30963343	1.17376258	100092.76705895	10.77645622	35.52031386	46.29677008	54.44043538	0.03925076
12.20000000	13192.12103663	4405.97548169	345.42791998	1.17077415	100151.23318241	10.86243515	35.83784972	46.70028487	54.12264697	0.03950332
12.30000000	13212.36491347	4433.96458545	344.53858293	1.16775988	100217.06983906	10.94997380	36.15485329	47.10482709	53.80539248	0.03975423
12.40000000	13232.71094065	4461.76939671	343.64158879	1.16471966	100290.45623909	11.03910448	36.47130649	47.51041097	53.48869002	0.04000349
12.50000000	13253.15697785	4489.38922615	342.73690354	1.16165337	100371.57455183	11.12986043	36.78719051	47.91705094	53.17255841	0.04025109
12.60000000	13273.70086904	4516.82340894	341.82449259	1.15856089	100460.61001293	11.22227590	37.10248576	48.32476166	52.85701722	0.04049702
12.70000000	13294.34044240	4544.07130517	340.90432081	1.15544211	100557.75103678	11.31638615	37.41717188	48.73355803	52.54208683	0.04074129
12.80000000	13315.07351039	4571.13230018	339.97635244	1.15229691	100619.22271508	11.40807546	37.73537972	49.14345518	52.22363640	0.04098387
12.90000000	13335.89981702	4598.00429591	339.04080866	1.14912603	99838.34259532	11.42079887	38.13366961	49.55446848	51.82510562	0.04122477
13.00000000	13356.85470861	4624.65723605	338.10263724	1.14594624	99058.27348662	11.43360792	38.53300532	49.96661324	51.42553098	0.04146369
13.10000000	13377.93646595	4651.09004597	337.16184993	1.14275759	98279.08900691	11.44650270	38.93339622	50.37989891	51.02490313	0.04170065
13.20000000	13399.14335801	4677.30166285	336.21845877	1.13956011	97500.86208817	11.45948330	39.33485175	50.79433505	50.62321263	0.04193562
13.30000000	13420.47364200	4703.29103578	335.27247611	1.13635385	96723.66496940	11.47254981	39.73738148	51.20993129	50.22044992	0.04216860
13.40000000	13441.92556336	4729.05712594	334.32391462	1.13313885	95947.56918991	11.48570229	40.14099507	51.62669736	49.81660536	0.04239957
13.50000000	13463.49735589	4754.59890674	333.37278729	1.12991515	95172.64558275	11.49894082	40.54570228	52.04464311	49.41166918	0.04262853
13.60000000	13485.18724171	4779.91536395	332.41910742	1.12668280	94398.96426852	11.51226545	40.95151298	52.46377844	49.00563154	0.04285548
13.70000000	13506.99343142	4805.00549588	331.46288865	1.12344185	93626.59464927	11.52567623	41.35843715	52.88411337	48.59848247	0.04308039
13.80000000	13528.91412406	4829.86831349	330.50414497	1.12019234	92855.60540268	11.53917319	41.76648485	53.30565804	48.19021189	0.04330326
13.90000000	13550.94750723	4854.50284057	329.54289068	1.11693432	92086.06447654	11.55275636	42.17566628	53.72842264	47.78080963	0.04352409
14.00000000	13573.09175713	4878.90811386	328.57914045	1.11366783	91318.03908337	11.56642576	42.58599173	54.15241749	47.37026541	0.04374286
14.10000000	13595.34503861	4903.08318323	327.61290929	1.11039294	90551.59569535	11.58018140	42.99747161	54.57765301	46.95856882	0.04395957
14.20000000	13617.70550525	4927.02711179	326.64421258	1.10710970	89786.80003939	11.59402328	43.41011643	55.00413971	46.54570937	0.04417420
14.30000000	13640.17129941	4950.73897610	325.67306604	1.10381815	89023.71709256	11.60795139	43.82393682	55.43188821	46.13167643	0.04438676
14.40000000	13662.74055231	4974.21786625	324.69948578	1.10051835	88262.41107764	11.62196570	44.23894352	55.86090922	45.71645926	0.04459722
14.50000000	13685.41138409	4997.46288609	323.72348828	1.09721036	87502.94545897	11.63606619	44.65514738	56.29121358	45.30004703	0.04480559
14.60000000	13708.18190389	5020.47315329	322.74509037	1.09389423	86745.38293848	11.65025281	45.07255939	56.72281220	44.88242876	0.04501185
14.70000000	13731.05020989	5043.24779959	321.76430929	1.09057003	85989.78545203	11.66452551	45.49119061	57.15571612	44.46359339	0.04521600
14.80000000	13754.01438944	5065.78597088	320.78116266	1.08723780	85236.21416588	11.67888422	45.91105227	57.58993648	44.04352970	0.04541803
14.90000000	13777.07251907	5088.08682739	319.79566851	1.08389762	84484.72947345	11.69332886	46.33215568	58.02548454	43.62222639	0.04561793
15.00000000	13800.22266461	5110.14954384	318.80784523	1.08054955	83735.39099230	11.70785936	46.75451229	58.46237165	43.19967202	0.04581570
15.10000000	13823.46288128	5131.97330959	317.81771166	1.07719365	82988.25756135	11.72247561	47.17813366	58.90060927	42.77585502	0.04601132
15.20000000	13846.79121371	5153.55732878	316.82528701	1.07382998	82243.38723826	11.73717749	47.60303149	59.34020898	42.35076372	0.04620479
15.30000000	13870.20569609	5174.90082052	315.83059093	1.07045861	81500.83729711	11.75196490	48.02921758	59.78118249	41.92438631	0.04639611
15.40000000	13893.70435222	5196.00301902	314.83364347	1.06707961	80760.66422624	11.76683769	48.45670388	60.22354158	41.49671085	0.04658526
15.50000000	13917.28519560	5216.86317377	313.83446513	1.06369305	80022.92372637	11.78179572	48.88550245	60.66729817	41.06772531	0.04677224
15.60000000	13940.94622954	5237.48054965	312.83307681	1.06029900	79287.67070889	11.79683882	49.31562548	61.11246430	40.63741747	0.04695705
15.70000000	13964.68544719	5257.85442715	311.82949988	1.05689754	78554.95929436	11.81196683	49.74708528	61.55905212	40.20577504	0.04713967
15.80000000	13988.50083174	5277.98410249	310.82375613	1.05348872	77824.84281127	11.82717956	50.17989432	62.00707388	39.77278558	0.04732011
15.90000000	14012.39035639	5297.86888776	309.81586779	1.05007264	77097.37379496	11.84247681	50.61406516	62.45654198	39.33843649	0.04749834
16.00000000	14036.35198455	5317.50811115	308.80585757	1.04664937	76493.72228591	11.85785837	51.04961053	62.90746890	38.90271509	0.04767438
16.10000000	14060.38366988	5336.90111702	307.79290003	1.04321611	75725.08565765	11.87333701	51.48653028	63.35986728	38.46562152	0.04784821
16.20000000	14084.48328564	5356.04721881	306.77819316	1.03977692	74961.25349220	11.88889457	51.92485654	63.81375111	38.02712364	0.04801982
16.30000000	14108.64879333	5374.94581230	305.76174731	1.03633183	74202.21835227	11.90453097	52.36460181	64.26913278	37.58720897	0.04818921
16.40000000	14132.87814415	5393.59630881	304.74357373	1.03288089	73447.97274998	11.92024610	52.80577873	64.72602483	37.14586489	0.04835639
16.50000000	14157.16927907	5411.99813538	303.72368449	1.02942414	72698.50914764	11.93603983	53.24840008	65.18443991	36.70307860	0.04852133
16.60000000	14181.52012902	5430.15073498	302.70209253	1.02596161	71953.81995893	11.95191203	53.69247881	65.64439083	36.25883716	0.04868403
16.70000000	14205.92861494	5448.05356669	301.67881167	1.02249336	71213.89755045	11.96786252	54.13802802	66.10589053	35.81312749	0.04884450
16.80000000	14230.39264799	5465.70610592	300.65385658	1.01901943	70478.73424367	11.98389113	54.58506095	66.56895208	35.36593632	0.04900272
16.90000000	14254.91012960	5483.10784464	299.62724279	1.01553989	69748.32231721	11.99999766	55.03359103	67.03358869	34.91725027	0.04915870
17.00000000	14279.47895168	5500.25829150	298.59898670	1.01205477	69022.65400953	12.01618190	55.48363181	67.49981371	34.46705577	0.04931242
17.10000000	14304.09699672	5517.15697212	297.56910560	1.00856415	68301.72152177	12.03244361	55.93519702	67.96764063	34.01533910	0.04946388
17.20000000	14328.76213795	5533.80342923	296.53761762	1.00506808	67585.51702109	12.04878254	56.38830053	68.43708307	33.56208639	0.04961309
17.30000000	14353.47223946	5550.19722288	295.50454178	1.00156663	66874.03264410	12.06519842	56.84295639	68.90815480	33.10728359	0.04976002
17.40000000	14378.22515636	5566.33793064	294.46989797	0.99805987	66085.14109742	12.08169095	57.29917879	69.38086974	32.65091652	0.04990469
17.50000000	14403.01873494	5582.22514780	293.43428233	0.99454981	65237.26309763	12.09825061	57.75699131	69.85524192	32.19296160	0.05004709
17.60000000	14427.85086402	5597.85851423	292.39816323	0.99103805	64397.64585113	12.11486980	58.21641480	70.33128460	31.73339799	0.05018721
17.70000000	14452.71946421	5613.23770743	291.36153912	0.98752457	63912.18565923	12.13154841	58.67746203	70.80901044	31.27221291	0.05032505
17.80000000	14477.62244625	5628.36242066	290.32198582	0.98400117	63101.44408585	12.14832549	59.14010675	71.28843224	30.80943263	0.05046061
17.90000000	14502.55749286	5643.23225606	289.28183819	0.98047575	62310.78502644	12.16516339	59.60440356	71.76956695	30.34500255	0.05059389
18.00000000	14527.52248676	5657.84693698	288.24101417	0.97694804	61561.32866136	12.18206332	60.07036455	72.25242786	29.87891057	0.05072488
18.10000000	14552.51529362	5672.20619977	287.19928451	0.97341726	60884.08137497	12.19902890	60.53799969	72.73702859	29.41114674	0.05085357
18.20000000	14577.53374860	5686.30978799	286.15620330	0.96988189	60319.52430254	12.21606734	61.00731591	73.22338325	28.94170411	0.05097998
18.30000000	14602.57563640	5700.15744419	285.11104149	0.96633948	59917.41710152	12.23319058	61.47831634	73.71150692	28.47057957	0.05110409
18.40000000	14627.63866492	5713.74889964	284.06272163	0.96278636	59057.32311111	12.25041643	61.95099969	74.20141612	27.99777440	0.05122591
18.50000000	14652.72043255	5727.08386236	283.01451316	0.95923362	58267.44784778	12.26769118	62.42543828	74.69312946	27.52321630	0.05134542
18.60000000	14677.81882917	5740.16218922	281.96598828	0.95567981	57428.81093943	12.28502166	62.90163843	75.18666009	27.04689893	0.05146264
18.70000000	14702.93169615	5752.98373741	280.91755324	0.95212631	56334.45997259	12.30240095	63.37962114	75.68202209	26.56880131	0.05157755
18.80000000	14728.05690362	5765.54839684	279.87106542	0.94857940	55290.48074863	12.31979790	63.85943106	76.17922896	26.08887877	0.05169016
18.90000000	14753.19248649	5777.85614262	278.82623995	0.94503813	54296.91308448	12.33721676	64.34107430	76.67829106	25.60712523	0.05180047
19.00000000	14778.33644530	5789.90695405	277.78279229	0.94150152	53347.81421101	12.35466184	64.82455747	77.17921931	25.12353405	0.05190848
19.10000000	14803.48674610	5801.70081546	276.74048012	0.93796877	52437.97548649	12.37213679	65.30988848	77.68202527	24.63809735	0.05201418
19.20000000	14828.64132423	5813.23771853	275.69909826	0.93443917	51562.83844807	12.38964470	65.79707632	78.18672102	24.15080611	0.05211757
19.30000000	14853.79808776	5824.51766429	274.65847416	0.93091213	50718.42139745	12.40718812	66.28613102	78.69331914	23.66165031	0.05221867
19.40000000	14878.95492047	5835.54066488	273.61846388	0.92738718	49901.25476531	12.42476917	66.77706348	79.20183265	23.17061906	0.05231746
19.50000000	14904.10968453	5846.30674510	272.57894854	0.92386390	49108.32382066	12.44238957	67.26988541	79.71227498	22.67770065	0.05241395
19.60000000	14929.26022282	5856.81594370	271.53983113	0.92034198	48337.01762307	12.46005069	67.76460923	80.22465992	22.18288264	0.05250813
19.70000000	14954.40436111	5867.06831458	270.50103376	0.91682113	47585.08326703	12.47775357	68.26124801	80.73900158	21.68615197	0.05260002
19.80000000	14979.53990983	5877.06392778	269.46249512	0.91330117	46850.58473866	12.49549902	68.75981538	81.25531440	21.18749502	0.05268960
19.90000000	15004.66466576	5886.80287035	268.42416832	0.90978192	46131.86577628	12.51328757	69.26032549	81.77361306	20.68689763	0.05277688
20.00000000	15029.77641344	5896.28524715	267.38601892	0.90626328	45427.51627224	12.53111959	69.76279294	82.29391254	20.18434519	0.05286186
20.10000000	15054.87292647	5905.51118151	266.34802322	0.90274515	44736.34181693	12.54899524	70.26723278	82.81622802	19.67982268	0.05294455
20.20000000	15079.95196863	5914.48081578	265.31016681	0.89922750	44057.33611650	12.56691453	70.77366038	83.34057492	19.17331468	0.05302493
20.30000000	15105.01129486	5923.19431192	264.27244319	0.89571030	43389.65596035	12.58487734	71.28209151	83.86696886	18.66480546	0.05310302
20.40000000	15130.04865215	5931.65185189	263.23485270	0.89219355	42732.59857925	12.60288344	71.79254222	84.39542566	18.15427896	0.05317882
20.50000000	15155.06178030	5939.85363809	262.19740155	0.88867727	42085.58117021	12.62093247	72.30502884	84.92596132	17.64171883	0.05325232
20.60000000	15180.04841264	5947.79989370	261.16010093	0.88516150	41448.12246368	12.63902402	72.81956799	85.45859201	17.12710848	0.05332353
20.70000000	15205.00627661	5955.49086303	260.12296638	0.88164629	40819.82615916	12.65715757	73.33617650	85.99333407	16.61043104	0.05339246
20.80000000	15229.93309434	5962.92681179	259.08601717	0.87813171	40200.36613742	12.67533255	73.85487146	86.53020401	16.09166944	0.05345910
20.90000000	15254.82658317	5970.10802736	258.04927583	0.87461784	39589.47331815	12.69354833	74.37567016	87.06921848	15.57080639	0.05352346
21.00000000	15279.68445605	5977.03481906	257.01276775	0.87110476	38986.92406429	12.71180420	74.89859008	87.61039429	15.04782438	0.05358553
21.10000000	15304.50442205	5983.70751835	255.97652088	0.86759256	38392.53004257	12.73009945	75.42364893	88.15374838	14.52270574	0.05364533
21.20000000	15329.28418669	5990.12647905	254.94056548	0.86408135	37806.12944709	12.74843328	75.95086457	88.69929785	13.99543257	0.05370285
21.30000000	15354.02145239	5996.29207759	253.90493397	0.86057124	37227.57949270	12.76680486	76.48025506	89.24705992	13.46598683	0.05375811
21.40000000	15378.71391877	6002.20471312	252.86966079	0.85706234	36656.75011039	12.78521332	77.01183863	89.79705195	12.93435027	0.05381109
21.50000000	15403.35928308	6007.86480777	251.83478233	0.85355478	36093.51875452	12.80365777	77.54563368	90.34929144	12.40050451	0.05386182
21.60000000	15427.95524052	6013.27280678	250.80033685	0.85004869	35537.76624878	12.82213724	78.08165876	90.90379601	11.86443095	0.05391028
21.70000000	15452.49948462	6018.42917870	249.76636453	0.84654420	35114.11155977	12.84065076	78.61993262	91.46058339	11.32611089	0.05395649
21.80000000	15476.98970757	6023.33441553	248.73203348	0.84303850	34694.72831049	12.85921300	79.16045844	92.01967144	10.78554112	0.05400045
21.90000000	15501.42351350	6027.98902322	247.69740798	0.83953180	34279.19130631	12.87782263	79.70325748	92.58108011	10.24270036	0.05404216
22.00000000	15525.79850786	6032.39353331	246.66255636	0.83602433	33867.42623959	12.89647824	80.24835122	93.14482946	9.69756715	0.05408163
22.10000000	15550.11229805	6036.54850303	245.62754862	0.83251633	33459.35344541	12.91517837	80.79576128	93.71093965	9.15011986	0.05411886
22.20000000	15574.36249380	6040.45451537	244.59245642	0.82900805	33054.88849369	12.93392154	81.34550942	94.27943096	8.60033671	0.05415387
22.30000000	15598.54670751	6044.11217920	243.55735316	0.82549972	32653.94338943	12.95270620	81.89761753	94.85032373	8.04819582	0.05418665
22.40000000	15622.66255465	6047.52212928	242.52231403	0.82199162	32256.42829064	12.97153078	82.45210765	95.42363843	7.49367514	0.05421720
22.50000000	15646.70765415	6050.68502639	241.48741596	0.81848400	31862.25371911	12.99039364	83.00900194	95.99939558	6.93675251	0.05424555
22.60000000	15670.67962879	6053.60155734	240.45273773	0.81497711	31471.33318776	13.00929313	83.56832268	96.57761580	6.37740564	0.05427168
22.70000000	15694.57610558	6056.27243507	239.41835988	0.81147125	31083.58621012	13.02822751	84.13009226	97.15831977	5.81561212	0.05429562
22.80000000	15718.39471619	6058.69839861	238.38436471	0.80796669	30698.94162572	13.04719504	84.69433321	97.74152825	5.25134943	0.05431735
22.90000000	15742.13309731	6060.88021322	237.35083623	0.80446370	30317.34120268	13.06619390	85.26106813	98.32726203	4.68459496	0.05433691
23.00000000	15765.78889107	6062.81867035	236.31786007	0.80096259	29938.74344451	13.08522225	85.83031973	98.91554198	4.11532600	0.05435428
23.10000000	15789.35974541	6064.51458766	235.28552339	0.79746365	29576.19952560	13.10427822	86.40211080	99.50638901	3.54351973	0.05436947
23.20000000	15812.84331446	6065.96880907	234.25382315	0.79396686	29224.90230917	13.12336155	86.97646251	100.09982406	2.96915499	0.05438251
23.30000000	15836.23724972	6067.18220498	233.22279116	0.79047234	28875.87499049	13.14247139	87.55339695	100.69586834	2.39220968	0.05439338
23.40000000	15859.53920381	6068.15567238	232.19252339	0.78698040	28529.25222395	13.16160566	88.13293757	101.29454323	1.81266033	0.05440210
23.50000000	15882.74683713	6068.89013480	231.16311614	0.78349139	28185.20279544	13.18076227	88.71510786	101.89587013	1.23048346	0.05440868
