	-10.00	-0.120
	-9.00	-0.090
	-8.00	-0.042
	-7.00	-0.010
	-6.00	0.008
	-5.00	0.050
	-4.00	0.081
	-3.00	0.110
	-2.00	0.150
	-1.00	0.180
	0.00	0.220
	1.00	0.250
	2.00	0.290
	3.00	0.320
	4.00	0.359
	5.00	0.390
	6.00	0.420
	7.00	0.450
	8.00	0.482
	9.00	0.518
	10.00	0.550
	11.00	0.570
	12.00	0.600
	13.00	0.620
	14.00	0.642
	15.00	0.670
	16.00	0.690
	17.00	0.720
	18.00	0.740
	19.00	0.760
	20.00	0.790
	21.00	0.813
	22.00	0.840
	23.00	0.861
	24.00	0.876
	25.00	0.881
	26.00	0.890
	27.00	0.900
	28.00	0.902
	29.00	0.905
	30.00	0.920
	31.00	0.930
	32.00	0.938
	33.00	0.941
	34.00	0.953
	35.00	0.961
	36.00	0.970
	37.00	0.978
	38.00	0.981
	39.00	0.992
	40.00	1.000
