	-10.00	-0.110
	-9.00	-0.085
	-8.00	-0.050
	-7.00	-0.010
	-6.00	0.020
	-5.00	0.060
	-4.00	0.095
	-3.00	0.130
	-2.00	0.162
	-1.00	0.202
	0.00	0.240
	1.00	0.280
	2.00	0.312
	3.00	0.350
	4.00	0.381
	5.00	0.420
	6.00	0.456
	7.00	0.490
	8.00	0.522
	9.00	0.560
	10.00	0.600
	11.00	0.622
	12.00	0.650
	13.00	0.675
	14.00	0.700
	15.00	0.721
	16.00	0.743
	17.00	0.772
	18.00	0.798
	19.00	0.810
	20.00	0.843
	21.00	0.860
	22.00	0.878
	23.00	0.884
	24.00	0.896
	25.00	0.902
	26.00	0.910
	27.00	0.918
	28.00	0.920
	29.00	0.925
	30.00	0.936
	31.00	0.940
	32.00	0.943
	33.00	0.952
	34.00	0.960
	35.00	0.963
	36.00	0.972
	37.00	0.980
	38.00	0.982
	39.00	0.996
	40.00	1.000
