	-10.00	-0.18
	-9.00	-0.15
	-8.00	-0.11
	-7.00	-0.06
	-6.00	-0.04
	-5.00	0.00
	-4.00	0.04
	-3.00	0.07
	-2.00	0.11
	-1.00	0.14
	0.00	0.18
	1.00	0.22
	2.00	0.26
	3.00	0.29
	4.00	0.34
	5.00	0.37
	6.00	0.40
	7.00	0.44
	8.00	0.48
	9.00	0.51
	10.00	0.55
	11.00	0.57
	12.00	0.60
	13.00	0.62
	14.00	0.66
	15.00	0.68
	16.00	0.71
	17.00	0.74
	18.00	0.76
	19.00	0.79
	20.00	0.81
	21.00	0.83
	22.00	0.86
	23.00	0.88
	24.00	0.89
	25.00	0.90
	26.00	0.91
	27.00	0.92
	28.00	0.93
	29.00	0.94
	30.00	0.94
	31.00	0.95
	32.00	0.96
	33.00	0.97
	34.00	0.98
	35.00	0.98
	36.00	0.99
	37.00	1.00
	38.00	1.01
	39.00	1.01
	40.00	1.02
