	-10.00	-0.19
	-9.00	-0.16
	-8.00	-0.14
	-7.00	-0.11
	-6.00	-0.08
	-5.00	-0.05
	-4.00	-0.02
	-3.00	0.01
	-2.00	0.04
	-1.00	0.09
	0.00	0.10
	1.00	0.13
	2.00	0.16
	3.00	0.19
	4.00	0.22
	5.00	0.25
	6.00	0.28
	7.00	0.31
	8.00	0.34
	9.00	0.37
	10.00	0.40
	11.00	0.43
	12.00	0.46
	13.00	0.50
	14.00	0.52
	15.00	0.55
	16.00	0.58
	17.00	0.61
	18.00	0.64
	19.00	0.67
	20.00	0.70
	21.00	0.72
	22.00	0.74
	23.00	0.77
	24.00	0.80
	25.00	0.82
	26.00	0.84
	27.00	0.86
	28.00	0.88
	29.00	0.91
	30.00	0.93
	31.00	0.94
	32.00	0.95
	33.00	0.96
	34.00	0.97
	35.00	0.98
	36.00	0.98
	37.00	0.99
	38.00	1.00
	39.00	1.01
	40.00	1.02
