 -10.00    -0.11
 -9.00     -0.09
 -8.00	   -0.07
 -7.00	   -0.05
 -6.00	   -0.03
 -5.00	   0.00
 -4.00	   0.02
 -3.00	   0.05
 -2.00     0.07
 -1.00	   0.09
  0.00	   0.12
  1.00	   0.14
  2.00	   0.16
  3.00	   0.18
  4.00	   0.21
  5.00	   0.23
  6.00	   0.25
  7.00	   0.28
  8.00	   0.30
  9.00	   0.32
  10.00	   0.34
  11.00	   0.37
  12.00	   0.395
  13.00	   0.42
  14.00    0.44
  15.00	   0.46
  16.00	   0.48
  17.00	   0.50
  18.00	   0.53
  19.00	   0.55
  20.00	   0.58
  21.00	   0.60
  22.00	   0.62
  23.00	   0.65
  24.00	   0.67
  25.00	   0.70
  26.00	   0.72
  27.00	   0.74
  28.00	   0.76
  29.00	   0.785
  30.00	   0.81
  31.00	   0.83
  32.00    0.85
  33.00	   0.88
  34.00	   0.90
  35.00	   0.92
  36.00	   0.94
  37.00	   0.97
  38.00    0.99
  39.00	   1.01
  40.00	   1.04
