	-10.00	-0.14
	-9.00	-0.11
	-8.00	-0.09
	-7.00	-0.05
	-6.00	-0.02
	-5.00	0.01
	-4.00	0.04
	-3.00	0.07
	-2.00	0.10
	-1.00	0.13
	0.00	0.155
	1.00	0.18
	2.00	0.20
	3.00	0.24
	4.00	0.27
	5.00	0.30
	6.00	0.33
	7.00	0.36
	8.00	0.39
	9.00	0.41
	10.00	0.45
	11.00	0.47
	12.00	0.50
	13.00	0.53
	14.00	0.56
	15.00	0.59
	16.00	0.61
	17.00	0.65
	18.00	0.67
	19.00	0.70
	20.00	0.73
	21.00	0.76
	22.00	0.79
	23.00	0.81
	24.00	0.85
	25.00	0.89
	26.00	0.91
	27.00	0.94
	28.00	0.97
	29.00	1.00
	30.00	1.03
	31.00	1.05
	32.00	1.08
	33.00	1.11
	34.00	1.14
	35.00	1.17
	36.00	1.20
	37.00	1.23
	38.00	1.26
	39.00	1.29
	40.00	1.32
