-0.180	-10.000
-0.150	-9.000
-0.110	-8.000
-0.060	-7.000
-0.040	-6.000
0.000	-5.000
0.040	-4.000
0.070	-3.000
0.110	-2.000
0.140	-1.000
0.180	0.000
0.220	1.000
0.260	2.000
0.290	3.000
0.340	4.000
0.370	5.000
0.400	6.000
0.440	7.000
0.480	8.000
0.510	9.000
0.550	10.000
0.570	11.000
0.600	12.000
0.620	13.000
0.660	14.000
0.680	15.000
0.710	16.000
0.740	17.000
0.760	18.000
0.790	19.000
0.810	20.000
0.830	21.000
0.860	22.000
0.880	23.000
0.890	24.000
0.900	25.000
0.910	26.000
0.920	27.000
0.930	28.000
0.940	29.000
0.940	30.000
0.950	31.000
0.960	32.000
0.970	33.000
0.980	34.000
0.980	35.000
0.990	36.000
1.000	37.000
1.010	38.000
1.010	39.000
1.020	40.000
