-0.190	-10.000
-0.160	-9.000
-0.140	-8.000
-0.110	-7.000
-0.080	-6.000
-0.050	-5.000
-0.020	-4.000
0.010	-3.000
0.040	-2.000
0.090	-1.000
0.100	0.000
0.130	1.000
0.160	2.000
0.190	3.000
0.220	4.000
0.250	5.000
0.280	6.000
0.310	7.000
0.340	8.000
0.370	9.000
0.400	10.000
0.430	11.000
0.460	12.000
0.500	13.000
0.520	14.000
0.550	15.000
0.580	16.000
0.610	17.000
0.640	18.000
0.670	19.000
0.700	20.000
0.720	21.000
0.740	22.000
0.770	23.000
0.800	24.000
0.820	25.000
0.840	26.000
0.860	27.000
0.880	28.000
0.910	29.000
0.930	30.000
0.940	31.000
0.950	32.000
0.960	33.000
0.970	34.000
0.980	35.000
0.980	36.000
0.990	37.000
1.000	38.000
1.010	39.000
1.020	40.000
