-0.110	-10.000
-0.090	-9.000
-0.070	-8.000
-0.050	-7.000
-0.030	-6.000
0.000	-5.000
0.020	-4.000
0.050	-3.000
0.070	-2.000
0.090	-1.000
0.120	0.000
0.140	1.000
0.160	2.000
0.180	3.000
0.210	4.000
0.230	5.000
0.250	6.000
0.280	7.000
0.300	8.000
0.320	9.000
0.340	10.000
0.370	11.000
0.395	12.000
0.420	13.000
0.440	14.000
0.460	15.000
0.480	16.000
0.500	17.000
0.530	18.000
0.550	19.000
0.580	20.000
0.600	21.000
0.620	22.000
0.650	23.000
0.670	24.000
0.700	25.000
0.720	26.000
0.740	27.000
0.760	28.000
0.785	29.000
0.810	30.000
0.830	31.000
0.850	32.000
0.880	33.000
0.900	34.000
0.920	35.000
0.940	36.000
0.970	37.000
0.990	38.000
1.010	39.000
1.040	40.000
