-0.140	-10.000
-0.110	-9.000
-0.090	-8.000
-0.050	-7.000
-0.020	-6.000
0.010	-5.000
0.040	-4.000
0.070	-3.000
0.100	-2.000
0.130	-1.000
0.155	0.000
0.180	1.000
0.200	2.000
0.240	3.000
0.270	4.000
0.300	5.000
0.330	6.000
0.360	7.000
0.390	8.000
0.410	9.000
0.450	10.000
0.470	11.000
0.500	12.000
0.530	13.000
0.560	14.000
0.590	15.000
0.610	16.000
0.650	17.000
0.670	18.000
0.700	19.000
0.730	20.000
0.760	21.000
0.790	22.000
0.810	23.000
0.850	24.000
0.890	25.000
0.910	26.000
0.940	27.000
0.970	28.000
1.000	29.000
1.030	30.000
1.050	31.000
1.080	32.000
1.110	33.000
1.140	34.000
1.170	35.000
1.200	36.000
1.230	37.000
1.260	38.000
1.290	39.000
1.320	40.000
